40 60
0 0.0 0.0 1.0 1
1 1.0 0.0 1.0 1
2 2.0 0.0 1.0 1
3 3.0 0.0 1.0 1
4 4.0 0.0 1.0 1
5 5.0 0.0 1.0 1
6 6.0 0.0 1.0 1
7 7.0 0.0 1.0 1
8 8.0 0.0 1.0 1
9 9.0 0.0 1.0 1
10 10.0 0.0 1.0 1
11 11.0 0.0 1.0 1
12 12.0 0.0 1.0 1
13 13.0 0.0 1.0 1
14 14.0 0.0 1.0 1
15 15.0 0.0 1.0 1
16 16.0 0.0 1.0 1
17 17.0 0.0 1.0 1
18 18.0 0.0 1.0 1
19 19.0 0.0 1.0 1
20 20.0 0.0 1.0 1
21 21.0 0.0 1.0 1
22 22.0 0.0 1.0 1
23 23.0 0.0 1.0 1
24 24.0 0.0 1.0 1
25 25.0 0.0 1.0 1
26 26.0 0.0 1.0 1
27 27.0 0.0 1.0 1
28 28.0 0.0 1.0 1
29 29.0 0.0 1.0 1
30 30.0 0.0 1.0 1
31 31.0 0.0 1.0 1
32 32.0 0.0 1.0 1
33 33.0 0.0 1.0 1
34 34.0 0.0 1.0 1
35 35.0 0.0 1.0 1
36 36.0 0.0 1.0 1
37 37.0 0.0 1.0 1
38 38.0 0.0 1.0 1
39 39.0 0.0 1.0 1
40 40.0 0.0 1.0 1
41 41.0 0.0 1.0 1
42 42.0 0.0 1.0 1
43 43.0 0.0 1.0 1
44 44.0 0.0 1.0 1
45 45.0 0.0 1.0 1
46 46.0 0.0 1.0 1
47 47.0 0.0 1.0 1
48 48.0 0.0 1.0 1
49 49.0 0.0 1.0 1
50 50.0 0.0 1.0 1
51 51.0 0.0 1.0 1
52 52.0 0.0 1.0 1
53 53.0 0.0 1.0 1
54 54.0 0.0 1.0 1
55 55.0 0.0 1.0 1
56 56.0 0.0 1.0 0
57 57.0 0.0 1.0 1
58 58.0 0.0 1.0 1
59 59.0 0.0 1.0 1
60 0.0 1.0 1.0 1
61 1.0 1.0 1.0 1
62 2.0 1.0 1.0 1
63 3.0 1.0 1.0 1
64 4.0 1.0 1.0 1
65 5.0 1.0 1.0 1
66 6.0 1.0 1.0 1
67 7.0 1.0 1.0 1
68 8.0 1.0 1.0 1
69 9.0 1.0 1.0 1
70 10.0 1.0 1.0 1
71 11.0 1.0 1.0 1
72 12.0 1.0 1.0 1
73 13.0 1.0 1.0 1
74 14.0 1.0 1.0 1
75 15.0 1.0 1.0 1
76 16.0 1.0 1.0 1
77 17.0 1.0 1.0 1
78 18.0 1.0 1.0 1
79 19.0 1.0 1.0 1
80 20.0 1.0 1.0 1
81 21.0 1.0 1.0 0
82 22.0 1.0 1.0 1
83 23.0 1.0 1.0 1
84 24.0 1.0 1.0 1
85 25.0 1.0 1.0 1
86 26.0 1.0 1.0 1
87 27.0 1.0 1.0 1
88 28.0 1.0 1.0 1
89 29.0 1.0 1.0 1
90 30.0 1.0 1.0 1
91 31.0 1.0 1.0 1
92 32.0 1.0 1.0 1
93 33.0 1.0 1.0 1
94 34.0 1.0 1.0 1
95 35.0 1.0 1.0 1
96 36.0 1.0 1.0 1
97 37.0 1.0 1.0 1
98 38.0 1.0 1.0 1
99 39.0 1.0 1.0 1
100 40.0 1.0 1.0 1
101 41.0 1.0 1.0 1
102 42.0 1.0 1.0 1
103 43.0 1.0 1.0 1
104 44.0 1.0 1.0 1
105 45.0 1.0 1.0 1
106 46.0 1.0 1.0 1
107 47.0 1.0 1.0 1
108 48.0 1.0 1.0 1
109 49.0 1.0 1.0 1
110 50.0 1.0 1.0 1
111 51.0 1.0 1.0 1
112 52.0 1.0 1.0 1
113 53.0 1.0 1.0 1
114 54.0 1.0 1.0 0
115 55.0 1.0 1.0 1
116 56.0 1.0 1.0 1
117 57.0 1.0 1.0 1
118 58.0 1.0 1.0 1
119 59.0 1.0 1.0 1
120 0.0 2.0 1.0 1
121 1.0 2.0 1.0 1
122 2.0 2.0 1.0 1
123 3.0 2.0 1.0 1
124 4.0 2.0 1.0 1
125 5.0 2.0 1.0 1
126 6.0 2.0 1.0 1
127 7.0 2.0 1.0 1
128 8.0 2.0 1.0 1
129 9.0 2.0 1.0 1
130 10.0 2.0 1.0 1
131 11.0 2.0 1.0 1
132 12.0 2.0 1.0 1
133 13.0 2.0 1.0 1
134 14.0 2.0 1.0 1
135 15.0 2.0 1.0 1
136 16.0 2.0 1.0 1
137 17.0 2.0 1.0 1
138 18.0 2.0 1.0 1
139 19.0 2.0 1.0 1
140 20.0 2.0 1.0 1
141 21.0 2.0 1.0 1
142 22.0 2.0 1.0 1
143 23.0 2.0 1.0 0
144 24.0 2.0 1.0 1
145 25.0 2.0 1.0 1
146 26.0 2.0 1.0 1
147 27.0 2.0 1.0 1
148 28.0 2.0 1.0 1
149 29.0 2.0 1.0 1
150 30.0 2.0 1.0 1
151 31.0 2.0 1.0 1
152 32.0 2.0 1.0 1
153 33.0 2.0 1.0 1
154 34.0 2.0 1.0 1
155 35.0 2.0 1.0 1
156 36.0 2.0 1.0 1
157 37.0 2.0 1.0 1
158 38.0 2.0 1.0 1
159 39.0 2.0 1.0 0
160 40.0 2.0 1.0 1
161 41.0 2.0 1.0 1
162 42.0 2.0 1.0 1
163 43.0 2.0 1.0 1
164 44.0 2.0 1.0 1
165 45.0 2.0 1.0 1
166 46.0 2.0 1.0 1
167 47.0 2.0 1.0 1
168 48.0 2.0 1.0 0
169 49.0 2.0 1.0 1
170 50.0 2.0 1.0 1
171 51.0 2.0 1.0 1
172 52.0 2.0 1.0 1
173 53.0 2.0 1.0 1
174 54.0 2.0 1.0 0
175 55.0 2.0 1.0 1
176 56.0 2.0 1.0 1
177 57.0 2.0 1.0 1
178 58.0 2.0 1.0 1
179 59.0 2.0 1.0 0
180 0.0 3.0 1.0 1
181 1.0 3.0 1.0 1
182 2.0 3.0 1.0 1
183 3.0 3.0 1.0 1
184 4.0 3.0 1.0 1
185 5.0 3.0 1.0 0
186 6.0 3.0 1.0 1
187 7.0 3.0 1.0 1
188 8.0 3.0 1.0 1
189 9.0 3.0 1.0 1
190 10.0 3.0 1.0 1
191 11.0 3.0 1.0 1
192 12.0 3.0 1.0 1
193 13.0 3.0 1.0 1
194 14.0 3.0 1.0 1
195 15.0 3.0 1.0 1
196 16.0 3.0 1.0 1
197 17.0 3.0 1.0 1
198 18.0 3.0 1.0 1
199 19.0 3.0 1.0 1
200 20.0 3.0 1.0 1
201 21.0 3.0 1.0 1
202 22.0 3.0 1.0 1
203 23.0 3.0 1.0 1
204 24.0 3.0 1.0 1
205 25.0 3.0 1.0 1
206 26.0 3.0 1.0 1
207 27.0 3.0 1.0 1
208 28.0 3.0 1.0 1
209 29.0 3.0 1.0 1
210 30.0 3.0 1.0 1
211 31.0 3.0 1.0 1
212 32.0 3.0 1.0 1
213 33.0 3.0 1.0 1
214 34.0 3.0 1.0 1
215 35.0 3.0 1.0 0
216 36.0 3.0 1.0 1
217 37.0 3.0 1.0 1
218 38.0 3.0 1.0 1
219 39.0 3.0 1.0 1
220 40.0 3.0 1.0 1
221 41.0 3.0 1.0 1
222 42.0 3.0 1.0 1
223 43.0 3.0 1.0 1
224 44.0 3.0 1.0 1
225 45.0 3.0 1.0 1
226 46.0 3.0 1.0 1
227 47.0 3.0 1.0 1
228 48.0 3.0 1.0 1
229 49.0 3.0 1.0 1
230 50.0 3.0 1.0 1
231 51.0 3.0 1.0 1
232 52.0 3.0 1.0 1
233 53.0 3.0 1.0 1
234 54.0 3.0 1.0 1
235 55.0 3.0 1.0 1
236 56.0 3.0 1.0 1
237 57.0 3.0 1.0 1
238 58.0 3.0 1.0 1
239 59.0 3.0 1.0 1
240 0.0 4.0 1.0 1
241 1.0 4.0 1.0 1
242 2.0 4.0 1.0 1
243 3.0 4.0 1.0 1
244 4.0 4.0 1.0 1
245 5.0 4.0 1.0 1
246 6.0 4.0 1.0 1
247 7.0 4.0 1.0 1
248 8.0 4.0 1.0 1
249 9.0 4.0 1.0 1
250 10.0 4.0 1.0 1
251 11.0 4.0 1.0 1
252 12.0 4.0 1.0 1
253 13.0 4.0 1.0 1
254 14.0 4.0 1.0 1
255 15.0 4.0 1.0 1
256 16.0 4.0 1.0 1
257 17.0 4.0 1.0 1
258 18.0 4.0 1.0 1
259 19.0 4.0 1.0 1
260 20.0 4.0 1.0 1
261 21.0 4.0 1.0 1
262 22.0 4.0 1.0 1
263 23.0 4.0 1.0 1
264 24.0 4.0 1.0 1
265 25.0 4.0 1.0 1
266 26.0 4.0 1.0 1
267 27.0 4.0 1.0 1
268 28.0 4.0 1.0 1
269 29.0 4.0 1.0 1
270 30.0 4.0 1.0 1
271 31.0 4.0 1.0 1
272 32.0 4.0 1.0 1
273 33.0 4.0 1.0 1
274 34.0 4.0 1.0 1
275 35.0 4.0 1.0 1
276 36.0 4.0 1.0 1
277 37.0 4.0 1.0 1
278 38.0 4.0 1.0 1
279 39.0 4.0 1.0 1
280 40.0 4.0 1.0 1
281 41.0 4.0 1.0 1
282 42.0 4.0 1.0 1
283 43.0 4.0 1.0 1
284 44.0 4.0 1.0 1
285 45.0 4.0 1.0 1
286 46.0 4.0 1.0 1
287 47.0 4.0 1.0 1
288 48.0 4.0 1.0 1
289 49.0 4.0 1.0 1
290 50.0 4.0 1.0 1
291 51.0 4.0 1.0 1
292 52.0 4.0 1.0 1
293 53.0 4.0 1.0 1
294 54.0 4.0 1.0 1
295 55.0 4.0 1.0 1
296 56.0 4.0 1.0 1
297 57.0 4.0 1.0 1
298 58.0 4.0 1.0 1
299 59.0 4.0 1.0 1
300 0.0 5.0 1.0 1
301 1.0 5.0 1.0 1
302 2.0 5.0 1.0 1
303 3.0 5.0 1.0 1
304 4.0 5.0 1.0 1
305 5.0 5.0 1.0 1
306 6.0 5.0 1.0 1
307 7.0 5.0 1.0 1
308 8.0 5.0 1.0 1
309 9.0 5.0 1.0 1
310 10.0 5.0 1.0 0
311 11.0 5.0 1.0 1
312 12.0 5.0 1.0 1
313 13.0 5.0 1.0 1
314 14.0 5.0 1.0 1
315 15.0 5.0 1.0 1
316 16.0 5.0 1.0 1
317 17.0 5.0 1.0 1
318 18.0 5.0 1.0 1
319 19.0 5.0 1.0 1
320 20.0 5.0 1.0 1
321 21.0 5.0 1.0 1
322 22.0 5.0 1.0 1
323 23.0 5.0 1.0 1
324 24.0 5.0 1.0 1
325 25.0 5.0 1.0 1
326 26.0 5.0 1.0 1
327 27.0 5.0 1.0 1
328 28.0 5.0 1.0 1
329 29.0 5.0 1.0 1
330 30.0 5.0 1.0 1
331 31.0 5.0 1.0 1
332 32.0 5.0 1.0 1
333 33.0 5.0 1.0 1
334 34.0 5.0 1.0 1
335 35.0 5.0 1.0 1
336 36.0 5.0 1.0 1
337 37.0 5.0 1.0 1
338 38.0 5.0 1.0 1
339 39.0 5.0 1.0 1
340 40.0 5.0 1.0 1
341 41.0 5.0 1.0 1
342 42.0 5.0 1.0 1
343 43.0 5.0 1.0 1
344 44.0 5.0 1.0 1
345 45.0 5.0 1.0 1
346 46.0 5.0 1.0 1
347 47.0 5.0 1.0 1
348 48.0 5.0 1.0 1
349 49.0 5.0 1.0 1
350 50.0 5.0 1.0 1
351 51.0 5.0 1.0 1
352 52.0 5.0 1.0 1
353 53.0 5.0 1.0 1
354 54.0 5.0 1.0 1
355 55.0 5.0 1.0 1
356 56.0 5.0 1.0 1
357 57.0 5.0 1.0 1
358 58.0 5.0 1.0 1
359 59.0 5.0 1.0 0
360 0.0 6.0 1.0 1
361 1.0 6.0 1.0 1
362 2.0 6.0 1.0 1
363 3.0 6.0 1.0 1
364 4.0 6.0 1.0 1
365 5.0 6.0 1.0 1
366 6.0 6.0 1.0 1
367 7.0 6.0 1.0 1
368 8.0 6.0 1.0 1
369 9.0 6.0 1.0 1
370 10.0 6.0 1.0 1
371 11.0 6.0 1.0 0
372 12.0 6.0 1.0 1
373 13.0 6.0 1.0 1
374 14.0 6.0 1.0 1
375 15.0 6.0 1.0 1
376 16.0 6.0 1.0 1
377 17.0 6.0 1.0 1
378 18.0 6.0 1.0 1
379 19.0 6.0 1.0 1
380 20.0 6.0 1.0 1
381 21.0 6.0 1.0 1
382 22.0 6.0 1.0 1
383 23.0 6.0 1.0 1
384 24.0 6.0 1.0 1
385 25.0 6.0 1.0 1
386 26.0 6.0 1.0 1
387 27.0 6.0 1.0 1
388 28.0 6.0 1.0 1
389 29.0 6.0 1.0 1
390 30.0 6.0 1.0 1
391 31.0 6.0 1.0 1
392 32.0 6.0 1.0 1
393 33.0 6.0 1.0 1
394 34.0 6.0 1.0 1
395 35.0 6.0 1.0 1
396 36.0 6.0 1.0 1
397 37.0 6.0 1.0 1
398 38.0 6.0 1.0 1
399 39.0 6.0 1.0 1
400 40.0 6.0 1.0 1
401 41.0 6.0 1.0 1
402 42.0 6.0 1.0 1
403 43.0 6.0 1.0 1
404 44.0 6.0 1.0 1
405 45.0 6.0 1.0 1
406 46.0 6.0 1.0 1
407 47.0 6.0 1.0 1
408 48.0 6.0 1.0 1
409 49.0 6.0 1.0 1
410 50.0 6.0 1.0 1
411 51.0 6.0 1.0 1
412 52.0 6.0 1.0 1
413 53.0 6.0 1.0 1
414 54.0 6.0 1.0 1
415 55.0 6.0 1.0 1
416 56.0 6.0 1.0 1
417 57.0 6.0 1.0 1
418 58.0 6.0 1.0 1
419 59.0 6.0 1.0 1
420 0.0 7.0 1.0 1
421 1.0 7.0 1.0 1
422 2.0 7.0 1.0 1
423 3.0 7.0 1.0 1
424 4.0 7.0 1.0 1
425 5.0 7.0 1.0 1
426 6.0 7.0 1.0 1
427 7.0 7.0 1.0 1
428 8.0 7.0 1.0 1
429 9.0 7.0 1.0 1
430 10.0 7.0 1.0 1
431 11.0 7.0 1.0 0
432 12.0 7.0 1.0 1
433 13.0 7.0 1.0 1
434 14.0 7.0 1.0 1
435 15.0 7.0 1.0 1
436 16.0 7.0 1.0 1
437 17.0 7.0 1.0 1
438 18.0 7.0 1.0 1
439 19.0 7.0 1.0 1
440 20.0 7.0 1.0 1
441 21.0 7.0 1.0 1
442 22.0 7.0 1.0 1
443 23.0 7.0 1.0 1
444 24.0 7.0 1.0 1
445 25.0 7.0 1.0 1
446 26.0 7.0 1.0 1
447 27.0 7.0 1.0 1
448 28.0 7.0 1.0 1
449 29.0 7.0 1.0 1
450 30.0 7.0 1.0 1
451 31.0 7.0 1.0 1
452 32.0 7.0 1.0 1
453 33.0 7.0 1.0 1
454 34.0 7.0 1.0 1
455 35.0 7.0 1.0 1
456 36.0 7.0 1.0 1
457 37.0 7.0 1.0 1
458 38.0 7.0 1.0 1
459 39.0 7.0 1.0 1
460 40.0 7.0 1.0 1
461 41.0 7.0 1.0 1
462 42.0 7.0 1.0 1
463 43.0 7.0 1.0 1
464 44.0 7.0 1.0 1
465 45.0 7.0 1.0 1
466 46.0 7.0 1.0 1
467 47.0 7.0 1.0 1
468 48.0 7.0 1.0 1
469 49.0 7.0 1.0 1
470 50.0 7.0 1.0 1
471 51.0 7.0 1.0 1
472 52.0 7.0 1.0 1
473 53.0 7.0 1.0 1
474 54.0 7.0 1.0 1
475 55.0 7.0 1.0 1
476 56.0 7.0 1.0 1
477 57.0 7.0 1.0 1
478 58.0 7.0 1.0 1
479 59.0 7.0 1.0 1
480 0.0 8.0 1.0 1
481 1.0 8.0 1.0 1
482 2.0 8.0 1.0 1
483 3.0 8.0 1.0 1
484 4.0 8.0 1.0 1
485 5.0 8.0 1.0 1
486 6.0 8.0 1.0 1
487 7.0 8.0 1.0 1
488 8.0 8.0 1.0 1
489 9.0 8.0 1.0 1
490 10.0 8.0 1.0 1
491 11.0 8.0 1.0 1
492 12.0 8.0 1.0 1
493 13.0 8.0 1.0 1
494 14.0 8.0 1.0 1
495 15.0 8.0 1.0 1
496 16.0 8.0 1.0 1
497 17.0 8.0 1.0 1
498 18.0 8.0 1.0 1
499 19.0 8.0 1.0 1
500 20.0 8.0 1.0 1
501 21.0 8.0 1.0 1
502 22.0 8.0 1.0 1
503 23.0 8.0 1.0 1
504 24.0 8.0 1.0 1
505 25.0 8.0 1.0 1
506 26.0 8.0 1.0 1
507 27.0 8.0 1.0 1
508 28.0 8.0 1.0 1
509 29.0 8.0 1.0 1
510 30.0 8.0 1.0 1
511 31.0 8.0 1.0 1
512 32.0 8.0 1.0 1
513 33.0 8.0 1.0 1
514 34.0 8.0 1.0 1
515 35.0 8.0 1.0 1
516 36.0 8.0 1.0 1
517 37.0 8.0 1.0 1
518 38.0 8.0 1.0 1
519 39.0 8.0 1.0 1
520 40.0 8.0 1.0 1
521 41.0 8.0 1.0 1
522 42.0 8.0 1.0 1
523 43.0 8.0 1.0 1
524 44.0 8.0 1.0 1
525 45.0 8.0 1.0 1
526 46.0 8.0 1.0 1
527 47.0 8.0 1.0 1
528 48.0 8.0 1.0 1
529 49.0 8.0 1.0 0
530 50.0 8.0 1.0 1
531 51.0 8.0 1.0 1
532 52.0 8.0 1.0 1
533 53.0 8.0 1.0 1
534 54.0 8.0 1.0 1
535 55.0 8.0 1.0 1
536 56.0 8.0 1.0 1
537 57.0 8.0 1.0 1
538 58.0 8.0 1.0 1
539 59.0 8.0 1.0 1
540 0.0 9.0 1.0 1
541 1.0 9.0 1.0 1
542 2.0 9.0 1.0 1
543 3.0 9.0 1.0 1
544 4.0 9.0 1.0 1
545 5.0 9.0 1.0 1
546 6.0 9.0 1.0 1
547 7.0 9.0 1.0 1
548 8.0 9.0 1.0 1
549 9.0 9.0 1.0 1
550 10.0 9.0 1.0 1
551 11.0 9.0 1.0 1
552 12.0 9.0 1.0 1
553 13.0 9.0 1.0 1
554 14.0 9.0 1.0 1
555 15.0 9.0 1.0 1
556 16.0 9.0 1.0 1
557 17.0 9.0 1.0 1
558 18.0 9.0 1.0 1
559 19.0 9.0 1.0 1
560 20.0 9.0 1.0 1
561 21.0 9.0 1.0 1
562 22.0 9.0 1.0 1
563 23.0 9.0 1.0 1
564 24.0 9.0 1.0 0
565 25.0 9.0 1.0 0
566 26.0 9.0 1.0 1
567 27.0 9.0 1.0 1
568 28.0 9.0 1.0 1
569 29.0 9.0 1.0 1
570 30.0 9.0 1.0 1
571 31.0 9.0 1.0 1
572 32.0 9.0 1.0 1
573 33.0 9.0 1.0 1
574 34.0 9.0 1.0 1
575 35.0 9.0 1.0 1
576 36.0 9.0 1.0 1
577 37.0 9.0 1.0 1
578 38.0 9.0 1.0 1
579 39.0 9.0 1.0 1
580 40.0 9.0 1.0 1
581 41.0 9.0 1.0 1
582 42.0 9.0 1.0 1
583 43.0 9.0 1.0 1
584 44.0 9.0 1.0 1
585 45.0 9.0 1.0 1
586 46.0 9.0 1.0 1
587 47.0 9.0 1.0 1
588 48.0 9.0 1.0 1
589 49.0 9.0 1.0 1
590 50.0 9.0 1.0 1
591 51.0 9.0 1.0 1
592 52.0 9.0 1.0 1
593 53.0 9.0 1.0 1
594 54.0 9.0 1.0 1
595 55.0 9.0 1.0 1
596 56.0 9.0 1.0 1
597 57.0 9.0 1.0 1
598 58.0 9.0 1.0 1
599 59.0 9.0 1.0 1
600 0.0 10.0 1.0 1
601 1.0 10.0 1.0 1
602 2.0 10.0 1.0 1
603 3.0 10.0 1.0 1
604 4.0 10.0 1.0 1
605 5.0 10.0 1.0 1
606 6.0 10.0 1.0 1
607 7.0 10.0 1.0 1
608 8.0 10.0 1.0 1
609 9.0 10.0 1.0 1
610 10.0 10.0 1.0 1
611 11.0 10.0 1.0 1
612 12.0 10.0 1.0 1
613 13.0 10.0 1.0 1
614 14.0 10.0 1.0 1
615 15.0 10.0 1.0 1
616 16.0 10.0 1.0 1
617 17.0 10.0 1.0 1
618 18.0 10.0 1.0 1
619 19.0 10.0 1.0 1
620 20.0 10.0 1.0 1
621 21.0 10.0 1.0 1
622 22.0 10.0 1.0 1
623 23.0 10.0 1.0 1
624 24.0 10.0 1.0 1
625 25.0 10.0 1.0 0
626 26.0 10.0 1.0 0
627 27.0 10.0 1.0 0
628 28.0 10.0 1.0 1
629 29.0 10.0 1.0 1
630 30.0 10.0 1.0 1
631 31.0 10.0 1.0 1
632 32.0 10.0 1.0 1
633 33.0 10.0 1.0 1
634 34.0 10.0 1.0 1
635 35.0 10.0 1.0 1
636 36.0 10.0 1.0 1
637 37.0 10.0 1.0 1
638 38.0 10.0 1.0 1
639 39.0 10.0 1.0 0
640 40.0 10.0 1.0 1
641 41.0 10.0 1.0 1
642 42.0 10.0 1.0 1
643 43.0 10.0 1.0 1
644 44.0 10.0 1.0 1
645 45.0 10.0 1.0 1
646 46.0 10.0 1.0 1
647 47.0 10.0 1.0 1
648 48.0 10.0 1.0 1
649 49.0 10.0 1.0 1
650 50.0 10.0 1.0 1
651 51.0 10.0 1.0 1
652 52.0 10.0 1.0 1
653 53.0 10.0 1.0 1
654 54.0 10.0 1.0 1
655 55.0 10.0 1.0 1
656 56.0 10.0 1.0 1
657 57.0 10.0 1.0 1
658 58.0 10.0 1.0 1
659 59.0 10.0 1.0 1
660 0.0 11.0 1.0 1
661 1.0 11.0 1.0 1
662 2.0 11.0 1.0 1
663 3.0 11.0 1.0 1
664 4.0 11.0 1.0 1
665 5.0 11.0 1.0 1
666 6.0 11.0 1.0 1
667 7.0 11.0 1.0 1
668 8.0 11.0 1.0 1
669 9.0 11.0 1.0 1
670 10.0 11.0 1.0 1
671 11.0 11.0 1.0 1
672 12.0 11.0 1.0 1
673 13.0 11.0 1.0 1
674 14.0 11.0 1.0 1
675 15.0 11.0 1.0 0
676 16.0 11.0 1.0 0
677 17.0 11.0 1.0 1
678 18.0 11.0 1.0 1
679 19.0 11.0 1.0 1
680 20.0 11.0 1.0 1
681 21.0 11.0 1.0 1
682 22.0 11.0 1.0 1
683 23.0 11.0 1.0 1
684 24.0 11.0 1.0 1
685 25.0 11.0 1.0 0
686 26.0 11.0 1.0 0
687 27.0 11.0 1.0 0
688 28.0 11.0 1.0 1
689 29.0 11.0 1.0 1
690 30.0 11.0 1.0 1
691 31.0 11.0 1.0 1
692 32.0 11.0 1.0 1
693 33.0 11.0 1.0 0
694 34.0 11.0 1.0 1
695 35.0 11.0 1.0 1
696 36.0 11.0 1.0 1
697 37.0 11.0 1.0 1
698 38.0 11.0 1.0 1
699 39.0 11.0 1.0 1
700 40.0 11.0 1.0 1
701 41.0 11.0 1.0 1
702 42.0 11.0 1.0 1
703 43.0 11.0 1.0 1
704 44.0 11.0 1.0 1
705 45.0 11.0 1.0 1
706 46.0 11.0 1.0 1
707 47.0 11.0 1.0 1
708 48.0 11.0 1.0 1
709 49.0 11.0 1.0 1
710 50.0 11.0 1.0 1
711 51.0 11.0 1.0 1
712 52.0 11.0 1.0 1
713 53.0 11.0 1.0 1
714 54.0 11.0 1.0 1
715 55.0 11.0 1.0 1
716 56.0 11.0 1.0 1
717 57.0 11.0 1.0 1
718 58.0 11.0 1.0 1
719 59.0 11.0 1.0 1
720 0.0 12.0 1.0 1
721 1.0 12.0 1.0 1
722 2.0 12.0 1.0 1
723 3.0 12.0 1.0 1
724 4.0 12.0 1.0 1
725 5.0 12.0 1.0 1
726 6.0 12.0 1.0 1
727 7.0 12.0 1.0 1
728 8.0 12.0 1.0 1
729 9.0 12.0 1.0 1
730 10.0 12.0 1.0 1
731 11.0 12.0 1.0 1
732 12.0 12.0 1.0 1
733 13.0 12.0 1.0 1
734 14.0 12.0 1.0 1
735 15.0 12.0 1.0 0
736 16.0 12.0 1.0 1
737 17.0 12.0 1.0 1
738 18.0 12.0 1.0 1
739 19.0 12.0 1.0 1
740 20.0 12.0 1.0 1
741 21.0 12.0 1.0 1
742 22.0 12.0 1.0 1
743 23.0 12.0 1.0 1
744 24.0 12.0 1.0 1
745 25.0 12.0 1.0 1
746 26.0 12.0 1.0 1
747 27.0 12.0 1.0 1
748 28.0 12.0 1.0 1
749 29.0 12.0 1.0 0
750 30.0 12.0 1.0 1
751 31.0 12.0 1.0 1
752 32.0 12.0 1.0 1
753 33.0 12.0 1.0 1
754 34.0 12.0 1.0 1
755 35.0 12.0 1.0 1
756 36.0 12.0 1.0 1
757 37.0 12.0 1.0 1
758 38.0 12.0 1.0 1
759 39.0 12.0 1.0 1
760 40.0 12.0 1.0 1
761 41.0 12.0 1.0 1
762 42.0 12.0 1.0 1
763 43.0 12.0 1.0 1
764 44.0 12.0 1.0 1
765 45.0 12.0 1.0 1
766 46.0 12.0 1.0 1
767 47.0 12.0 1.0 1
768 48.0 12.0 1.0 1
769 49.0 12.0 1.0 1
770 50.0 12.0 1.0 1
771 51.0 12.0 1.0 1
772 52.0 12.0 1.0 1
773 53.0 12.0 1.0 1
774 54.0 12.0 1.0 1
775 55.0 12.0 1.0 1
776 56.0 12.0 1.0 1
777 57.0 12.0 1.0 1
778 58.0 12.0 1.0 1
779 59.0 12.0 1.0 1
780 0.0 13.0 1.0 1
781 1.0 13.0 1.0 1
782 2.0 13.0 1.0 1
783 3.0 13.0 1.0 1
784 4.0 13.0 1.0 1
785 5.0 13.0 1.0 1
786 6.0 13.0 1.0 1
787 7.0 13.0 1.0 1
788 8.0 13.0 1.0 1
789 9.0 13.0 1.0 1
790 10.0 13.0 1.0 1
791 11.0 13.0 1.0 1
792 12.0 13.0 1.0 1
793 13.0 13.0 1.0 1
794 14.0 13.0 1.0 1
795 15.0 13.0 1.0 1
796 16.0 13.0 1.0 1
797 17.0 13.0 1.0 1
798 18.0 13.0 1.0 1
799 19.0 13.0 1.0 1
800 20.0 13.0 1.0 1
801 21.0 13.0 1.0 1
802 22.0 13.0 1.0 1
803 23.0 13.0 1.0 1
804 24.0 13.0 1.0 1
805 25.0 13.0 1.0 1
806 26.0 13.0 1.0 1
807 27.0 13.0 1.0 1
808 28.0 13.0 1.0 1
809 29.0 13.0 1.0 1
810 30.0 13.0 1.0 1
811 31.0 13.0 1.0 1
812 32.0 13.0 1.0 1
813 33.0 13.0 1.0 1
814 34.0 13.0 1.0 1
815 35.0 13.0 1.0 1
816 36.0 13.0 1.0 1
817 37.0 13.0 1.0 1
818 38.0 13.0 1.0 1
819 39.0 13.0 1.0 1
820 40.0 13.0 1.0 1
821 41.0 13.0 1.0 1
822 42.0 13.0 1.0 1
823 43.0 13.0 1.0 1
824 44.0 13.0 1.0 1
825 45.0 13.0 1.0 1
826 46.0 13.0 1.0 1
827 47.0 13.0 1.0 1
828 48.0 13.0 1.0 0
829 49.0 13.0 1.0 1
830 50.0 13.0 1.0 1
831 51.0 13.0 1.0 1
832 52.0 13.0 1.0 1
833 53.0 13.0 1.0 1
834 54.0 13.0 1.0 1
835 55.0 13.0 1.0 1
836 56.0 13.0 1.0 1
837 57.0 13.0 1.0 1
838 58.0 13.0 1.0 1
839 59.0 13.0 1.0 1
840 0.0 14.0 1.0 1
841 1.0 14.0 1.0 1
842 2.0 14.0 1.0 1
843 3.0 14.0 1.0 1
844 4.0 14.0 1.0 1
845 5.0 14.0 1.0 1
846 6.0 14.0 1.0 1
847 7.0 14.0 1.0 1
848 8.0 14.0 1.0 1
849 9.0 14.0 1.0 1
850 10.0 14.0 1.0 1
851 11.0 14.0 1.0 1
852 12.0 14.0 1.0 1
853 13.0 14.0 1.0 1
854 14.0 14.0 1.0 1
855 15.0 14.0 1.0 1
856 16.0 14.0 1.0 1
857 17.0 14.0 1.0 1
858 18.0 14.0 1.0 1
859 19.0 14.0 1.0 1
860 20.0 14.0 1.0 0
861 21.0 14.0 1.0 1
862 22.0 14.0 1.0 1
863 23.0 14.0 1.0 1
864 24.0 14.0 1.0 1
865 25.0 14.0 1.0 1
866 26.0 14.0 1.0 1
867 27.0 14.0 1.0 1
868 28.0 14.0 1.0 1
869 29.0 14.0 1.0 1
870 30.0 14.0 1.0 1
871 31.0 14.0 1.0 1
872 32.0 14.0 1.0 1
873 33.0 14.0 1.0 1
874 34.0 14.0 1.0 1
875 35.0 14.0 1.0 1
876 36.0 14.0 1.0 1
877 37.0 14.0 1.0 1
878 38.0 14.0 1.0 1
879 39.0 14.0 1.0 1
880 40.0 14.0 1.0 1
881 41.0 14.0 1.0 1
882 42.0 14.0 1.0 1
883 43.0 14.0 1.0 1
884 44.0 14.0 1.0 1
885 45.0 14.0 1.0 1
886 46.0 14.0 1.0 1
887 47.0 14.0 1.0 1
888 48.0 14.0 1.0 1
889 49.0 14.0 1.0 1
890 50.0 14.0 1.0 1
891 51.0 14.0 1.0 1
892 52.0 14.0 1.0 0
893 53.0 14.0 1.0 1
894 54.0 14.0 1.0 1
895 55.0 14.0 1.0 1
896 56.0 14.0 1.0 1
897 57.0 14.0 1.0 1
898 58.0 14.0 1.0 1
899 59.0 14.0 1.0 1
900 0.0 15.0 1.0 1
901 1.0 15.0 1.0 1
902 2.0 15.0 1.0 1
903 3.0 15.0 1.0 1
904 4.0 15.0 1.0 1
905 5.0 15.0 1.0 1
906 6.0 15.0 1.0 1
907 7.0 15.0 1.0 1
908 8.0 15.0 1.0 1
909 9.0 15.0 1.0 1
910 10.0 15.0 1.0 1
911 11.0 15.0 1.0 1
912 12.0 15.0 1.0 1
913 13.0 15.0 1.0 1
914 14.0 15.0 1.0 1
915 15.0 15.0 1.0 1
916 16.0 15.0 1.0 1
917 17.0 15.0 1.0 1
918 18.0 15.0 1.0 1
919 19.0 15.0 1.0 1
920 20.0 15.0 1.0 1
921 21.0 15.0 1.0 1
922 22.0 15.0 1.0 1
923 23.0 15.0 1.0 0
924 24.0 15.0 1.0 1
925 25.0 15.0 1.0 1
926 26.0 15.0 1.0 1
927 27.0 15.0 1.0 1
928 28.0 15.0 1.0 1
929 29.0 15.0 1.0 0
930 30.0 15.0 1.0 1
931 31.0 15.0 1.0 1
932 32.0 15.0 1.0 1
933 33.0 15.0 1.0 1
934 34.0 15.0 1.0 1
935 35.0 15.0 1.0 1
936 36.0 15.0 1.0 1
937 37.0 15.0 1.0 1
938 38.0 15.0 1.0 1
939 39.0 15.0 1.0 1
940 40.0 15.0 1.0 1
941 41.0 15.0 1.0 1
942 42.0 15.0 1.0 1
943 43.0 15.0 1.0 1
944 44.0 15.0 1.0 1
945 45.0 15.0 1.0 1
946 46.0 15.0 1.0 1
947 47.0 15.0 1.0 1
948 48.0 15.0 1.0 1
949 49.0 15.0 1.0 1
950 50.0 15.0 1.0 1
951 51.0 15.0 1.0 1
952 52.0 15.0 1.0 0
953 53.0 15.0 1.0 1
954 54.0 15.0 1.0 1
955 55.0 15.0 1.0 1
956 56.0 15.0 1.0 1
957 57.0 15.0 1.0 1
958 58.0 15.0 1.0 1
959 59.0 15.0 1.0 1
960 0.0 16.0 1.0 1
961 1.0 16.0 1.0 1
962 2.0 16.0 1.0 1
963 3.0 16.0 1.0 1
964 4.0 16.0 1.0 1
965 5.0 16.0 1.0 1
966 6.0 16.0 1.0 1
967 7.0 16.0 1.0 1
968 8.0 16.0 1.0 1
969 9.0 16.0 1.0 1
970 10.0 16.0 1.0 1
971 11.0 16.0 1.0 1
972 12.0 16.0 1.0 1
973 13.0 16.0 1.0 1
974 14.0 16.0 1.0 1
975 15.0 16.0 1.0 1
976 16.0 16.0 1.0 1
977 17.0 16.0 1.0 1
978 18.0 16.0 1.0 1
979 19.0 16.0 1.0 1
980 20.0 16.0 1.0 1
981 21.0 16.0 1.0 1
982 22.0 16.0 1.0 1
983 23.0 16.0 1.0 0
984 24.0 16.0 1.0 1
985 25.0 16.0 1.0 1
986 26.0 16.0 1.0 0
987 27.0 16.0 1.0 1
988 28.0 16.0 1.0 1
989 29.0 16.0 1.0 0
990 30.0 16.0 1.0 1
991 31.0 16.0 1.0 1
992 32.0 16.0 1.0 1
993 33.0 16.0 1.0 1
994 34.0 16.0 1.0 1
995 35.0 16.0 1.0 1
996 36.0 16.0 1.0 1
997 37.0 16.0 1.0 1
998 38.0 16.0 1.0 1
999 39.0 16.0 1.0 1
1000 40.0 16.0 1.0 1
1001 41.0 16.0 1.0 1
1002 42.0 16.0 1.0 1
1003 43.0 16.0 1.0 1
1004 44.0 16.0 1.0 1
1005 45.0 16.0 1.0 1
1006 46.0 16.0 1.0 1
1007 47.0 16.0 1.0 1
1008 48.0 16.0 1.0 1
1009 49.0 16.0 1.0 1
1010 50.0 16.0 1.0 1
1011 51.0 16.0 1.0 0
1012 52.0 16.0 1.0 1
1013 53.0 16.0 1.0 1
1014 54.0 16.0 1.0 1
1015 55.0 16.0 1.0 1
1016 56.0 16.0 1.0 1
1017 57.0 16.0 1.0 1
1018 58.0 16.0 1.0 1
1019 59.0 16.0 1.0 1
1020 0.0 17.0 1.0 1
1021 1.0 17.0 1.0 1
1022 2.0 17.0 1.0 1
1023 3.0 17.0 1.0 1
1024 4.0 17.0 1.0 1
1025 5.0 17.0 1.0 1
1026 6.0 17.0 1.0 1
1027 7.0 17.0 1.0 1
1028 8.0 17.0 1.0 1
1029 9.0 17.0 1.0 1
1030 10.0 17.0 1.0 1
1031 11.0 17.0 1.0 1
1032 12.0 17.0 1.0 1
1033 13.0 17.0 1.0 1
1034 14.0 17.0 1.0 1
1035 15.0 17.0 1.0 1
1036 16.0 17.0 1.0 1
1037 17.0 17.0 1.0 1
1038 18.0 17.0 1.0 1
1039 19.0 17.0 1.0 1
1040 20.0 17.0 1.0 1
1041 21.0 17.0 1.0 1
1042 22.0 17.0 1.0 1
1043 23.0 17.0 1.0 1
1044 24.0 17.0 1.0 1
1045 25.0 17.0 1.0 1
1046 26.0 17.0 1.0 0
1047 27.0 17.0 1.0 0
1048 28.0 17.0 1.0 1
1049 29.0 17.0 1.0 1
1050 30.0 17.0 1.0 1
1051 31.0 17.0 1.0 1
1052 32.0 17.0 1.0 1
1053 33.0 17.0 1.0 1
1054 34.0 17.0 1.0 1
1055 35.0 17.0 1.0 1
1056 36.0 17.0 1.0 1
1057 37.0 17.0 1.0 1
1058 38.0 17.0 1.0 1
1059 39.0 17.0 1.0 1
1060 40.0 17.0 1.0 1
1061 41.0 17.0 1.0 1
1062 42.0 17.0 1.0 1
1063 43.0 17.0 1.0 1
1064 44.0 17.0 1.0 1
1065 45.0 17.0 1.0 1
1066 46.0 17.0 1.0 1
1067 47.0 17.0 1.0 1
1068 48.0 17.0 1.0 1
1069 49.0 17.0 1.0 1
1070 50.0 17.0 1.0 1
1071 51.0 17.0 1.0 1
1072 52.0 17.0 1.0 1
1073 53.0 17.0 1.0 1
1074 54.0 17.0 1.0 1
1075 55.0 17.0 1.0 1
1076 56.0 17.0 1.0 1
1077 57.0 17.0 1.0 1
1078 58.0 17.0 1.0 1
1079 59.0 17.0 1.0 1
1080 0.0 18.0 1.0 1
1081 1.0 18.0 1.0 1
1082 2.0 18.0 1.0 1
1083 3.0 18.0 1.0 1
1084 4.0 18.0 1.0 1
1085 5.0 18.0 1.0 1
1086 6.0 18.0 1.0 1
1087 7.0 18.0 1.0 1
1088 8.0 18.0 1.0 1
1089 9.0 18.0 1.0 1
1090 10.0 18.0 1.0 1
1091 11.0 18.0 1.0 1
1092 12.0 18.0 1.0 1
1093 13.0 18.0 1.0 1
1094 14.0 18.0 1.0 1
1095 15.0 18.0 1.0 1
1096 16.0 18.0 1.0 1
1097 17.0 18.0 1.0 1
1098 18.0 18.0 1.0 1
1099 19.0 18.0 1.0 1
1100 20.0 18.0 1.0 1
1101 21.0 18.0 1.0 1
1102 22.0 18.0 1.0 1
1103 23.0 18.0 1.0 1
1104 24.0 18.0 1.0 1
1105 25.0 18.0 1.0 1
1106 26.0 18.0 1.0 1
1107 27.0 18.0 1.0 1
1108 28.0 18.0 1.0 1
1109 29.0 18.0 1.0 1
1110 30.0 18.0 1.0 1
1111 31.0 18.0 1.0 1
1112 32.0 18.0 1.0 1
1113 33.0 18.0 1.0 1
1114 34.0 18.0 1.0 1
1115 35.0 18.0 1.0 1
1116 36.0 18.0 1.0 1
1117 37.0 18.0 1.0 1
1118 38.0 18.0 1.0 1
1119 39.0 18.0 1.0 1
1120 40.0 18.0 1.0 1
1121 41.0 18.0 1.0 1
1122 42.0 18.0 1.0 1
1123 43.0 18.0 1.0 1
1124 44.0 18.0 1.0 1
1125 45.0 18.0 1.0 1
1126 46.0 18.0 1.0 1
1127 47.0 18.0 1.0 1
1128 48.0 18.0 1.0 1
1129 49.0 18.0 1.0 0
1130 50.0 18.0 1.0 1
1131 51.0 18.0 1.0 1
1132 52.0 18.0 1.0 1
1133 53.0 18.0 1.0 1
1134 54.0 18.0 1.0 1
1135 55.0 18.0 1.0 1
1136 56.0 18.0 1.0 1
1137 57.0 18.0 1.0 1
1138 58.0 18.0 1.0 1
1139 59.0 18.0 1.0 1
1140 0.0 19.0 1.0 1
1141 1.0 19.0 1.0 1
1142 2.0 19.0 1.0 1
1143 3.0 19.0 1.0 1
1144 4.0 19.0 1.0 1
1145 5.0 19.0 1.0 1
1146 6.0 19.0 1.0 1
1147 7.0 19.0 1.0 1
1148 8.0 19.0 1.0 1
1149 9.0 19.0 1.0 1
1150 10.0 19.0 1.0 1
1151 11.0 19.0 1.0 1
1152 12.0 19.0 1.0 1
1153 13.0 19.0 1.0 1
1154 14.0 19.0 1.0 1
1155 15.0 19.0 1.0 1
1156 16.0 19.0 1.0 1
1157 17.0 19.0 1.0 1
1158 18.0 19.0 1.0 1
1159 19.0 19.0 1.0 1
1160 20.0 19.0 1.0 1
1161 21.0 19.0 1.0 1
1162 22.0 19.0 1.0 1
1163 23.0 19.0 1.0 1
1164 24.0 19.0 1.0 1
1165 25.0 19.0 1.0 1
1166 26.0 19.0 1.0 1
1167 27.0 19.0 1.0 1
1168 28.0 19.0 1.0 1
1169 29.0 19.0 1.0 1
1170 30.0 19.0 1.0 1
1171 31.0 19.0 1.0 1
1172 32.0 19.0 1.0 1
1173 33.0 19.0 1.0 1
1174 34.0 19.0 1.0 1
1175 35.0 19.0 1.0 1
1176 36.0 19.0 1.0 1
1177 37.0 19.0 1.0 1
1178 38.0 19.0 1.0 1
1179 39.0 19.0 1.0 1
1180 40.0 19.0 1.0 1
1181 41.0 19.0 1.0 1
1182 42.0 19.0 1.0 1
1183 43.0 19.0 1.0 1
1184 44.0 19.0 1.0 1
1185 45.0 19.0 1.0 1
1186 46.0 19.0 1.0 1
1187 47.0 19.0 1.0 1
1188 48.0 19.0 1.0 1
1189 49.0 19.0 1.0 0
1190 50.0 19.0 1.0 1
1191 51.0 19.0 1.0 1
1192 52.0 19.0 1.0 1
1193 53.0 19.0 1.0 1
1194 54.0 19.0 1.0 1
1195 55.0 19.0 1.0 1
1196 56.0 19.0 1.0 1
1197 57.0 19.0 1.0 1
1198 58.0 19.0 1.0 1
1199 59.0 19.0 1.0 1
1200 0.0 20.0 1.0 1
1201 1.0 20.0 1.0 1
1202 2.0 20.0 1.0 1
1203 3.0 20.0 1.0 1
1204 4.0 20.0 1.0 1
1205 5.0 20.0 1.0 1
1206 6.0 20.0 1.0 1
1207 7.0 20.0 1.0 1
1208 8.0 20.0 1.0 1
1209 9.0 20.0 1.0 1
1210 10.0 20.0 1.0 1
1211 11.0 20.0 1.0 1
1212 12.0 20.0 1.0 1
1213 13.0 20.0 1.0 1
1214 14.0 20.0 1.0 1
1215 15.0 20.0 1.0 1
1216 16.0 20.0 1.0 1
1217 17.0 20.0 1.0 1
1218 18.0 20.0 1.0 1
1219 19.0 20.0 1.0 1
1220 20.0 20.0 1.0 1
1221 21.0 20.0 1.0 1
1222 22.0 20.0 1.0 1
1223 23.0 20.0 1.0 1
1224 24.0 20.0 1.0 1
1225 25.0 20.0 1.0 1
1226 26.0 20.0 1.0 1
1227 27.0 20.0 1.0 1
1228 28.0 20.0 1.0 1
1229 29.0 20.0 1.0 1
1230 30.0 20.0 1.0 1
1231 31.0 20.0 1.0 1
1232 32.0 20.0 1.0 1
1233 33.0 20.0 1.0 1
1234 34.0 20.0 1.0 1
1235 35.0 20.0 1.0 1
1236 36.0 20.0 1.0 1
1237 37.0 20.0 1.0 1
1238 38.0 20.0 1.0 1
1239 39.0 20.0 1.0 1
1240 40.0 20.0 1.0 1
1241 41.0 20.0 1.0 1
1242 42.0 20.0 1.0 1
1243 43.0 20.0 1.0 1
1244 44.0 20.0 1.0 1
1245 45.0 20.0 1.0 1
1246 46.0 20.0 1.0 1
1247 47.0 20.0 1.0 1
1248 48.0 20.0 1.0 1
1249 49.0 20.0 1.0 1
1250 50.0 20.0 1.0 1
1251 51.0 20.0 1.0 1
1252 52.0 20.0 1.0 1
1253 53.0 20.0 1.0 1
1254 54.0 20.0 1.0 1
1255 55.0 20.0 1.0 1
1256 56.0 20.0 1.0 1
1257 57.0 20.0 1.0 1
1258 58.0 20.0 1.0 1
1259 59.0 20.0 1.0 1
1260 0.0 21.0 1.0 1
1261 1.0 21.0 1.0 1
1262 2.0 21.0 1.0 1
1263 3.0 21.0 1.0 1
1264 4.0 21.0 1.0 1
1265 5.0 21.0 1.0 1
1266 6.0 21.0 1.0 1
1267 7.0 21.0 1.0 1
1268 8.0 21.0 1.0 1
1269 9.0 21.0 1.0 1
1270 10.0 21.0 1.0 1
1271 11.0 21.0 1.0 1
1272 12.0 21.0 1.0 1
1273 13.0 21.0 1.0 1
1274 14.0 21.0 1.0 1
1275 15.0 21.0 1.0 1
1276 16.0 21.0 1.0 1
1277 17.0 21.0 1.0 1
1278 18.0 21.0 1.0 1
1279 19.0 21.0 1.0 1
1280 20.0 21.0 1.0 1
1281 21.0 21.0 1.0 1
1282 22.0 21.0 1.0 1
1283 23.0 21.0 1.0 1
1284 24.0 21.0 1.0 1
1285 25.0 21.0 1.0 1
1286 26.0 21.0 1.0 0
1287 27.0 21.0 1.0 1
1288 28.0 21.0 1.0 1
1289 29.0 21.0 1.0 1
1290 30.0 21.0 1.0 1
1291 31.0 21.0 1.0 1
1292 32.0 21.0 1.0 1
1293 33.0 21.0 1.0 1
1294 34.0 21.0 1.0 1
1295 35.0 21.0 1.0 1
1296 36.0 21.0 1.0 1
1297 37.0 21.0 1.0 1
1298 38.0 21.0 1.0 1
1299 39.0 21.0 1.0 1
1300 40.0 21.0 1.0 1
1301 41.0 21.0 1.0 1
1302 42.0 21.0 1.0 1
1303 43.0 21.0 1.0 1
1304 44.0 21.0 1.0 1
1305 45.0 21.0 1.0 1
1306 46.0 21.0 1.0 1
1307 47.0 21.0 1.0 1
1308 48.0 21.0 1.0 1
1309 49.0 21.0 1.0 1
1310 50.0 21.0 1.0 1
1311 51.0 21.0 1.0 1
1312 52.0 21.0 1.0 1
1313 53.0 21.0 1.0 1
1314 54.0 21.0 1.0 1
1315 55.0 21.0 1.0 1
1316 56.0 21.0 1.0 1
1317 57.0 21.0 1.0 1
1318 58.0 21.0 1.0 1
1319 59.0 21.0 1.0 1
1320 0.0 22.0 1.0 1
1321 1.0 22.0 1.0 1
1322 2.0 22.0 1.0 1
1323 3.0 22.0 1.0 1
1324 4.0 22.0 1.0 1
1325 5.0 22.0 1.0 1
1326 6.0 22.0 1.0 1
1327 7.0 22.0 1.0 1
1328 8.0 22.0 1.0 1
1329 9.0 22.0 1.0 1
1330 10.0 22.0 1.0 1
1331 11.0 22.0 1.0 1
1332 12.0 22.0 1.0 1
1333 13.0 22.0 1.0 1
1334 14.0 22.0 1.0 1
1335 15.0 22.0 1.0 1
1336 16.0 22.0 1.0 1
1337 17.0 22.0 1.0 1
1338 18.0 22.0 1.0 1
1339 19.0 22.0 1.0 1
1340 20.0 22.0 1.0 1
1341 21.0 22.0 1.0 1
1342 22.0 22.0 1.0 1
1343 23.0 22.0 1.0 1
1344 24.0 22.0 1.0 1
1345 25.0 22.0 1.0 1
1346 26.0 22.0 1.0 1
1347 27.0 22.0 1.0 1
1348 28.0 22.0 1.0 1
1349 29.0 22.0 1.0 1
1350 30.0 22.0 1.0 1
1351 31.0 22.0 1.0 1
1352 32.0 22.0 1.0 1
1353 33.0 22.0 1.0 1
1354 34.0 22.0 1.0 1
1355 35.0 22.0 1.0 1
1356 36.0 22.0 1.0 1
1357 37.0 22.0 1.0 1
1358 38.0 22.0 1.0 1
1359 39.0 22.0 1.0 1
1360 40.0 22.0 1.0 1
1361 41.0 22.0 1.0 1
1362 42.0 22.0 1.0 1
1363 43.0 22.0 1.0 0
1364 44.0 22.0 1.0 0
1365 45.0 22.0 1.0 1
1366 46.0 22.0 1.0 1
1367 47.0 22.0 1.0 1
1368 48.0 22.0 1.0 1
1369 49.0 22.0 1.0 1
1370 50.0 22.0 1.0 1
1371 51.0 22.0 1.0 1
1372 52.0 22.0 1.0 1
1373 53.0 22.0 1.0 1
1374 54.0 22.0 1.0 1
1375 55.0 22.0 1.0 1
1376 56.0 22.0 1.0 1
1377 57.0 22.0 1.0 1
1378 58.0 22.0 1.0 1
1379 59.0 22.0 1.0 1
1380 0.0 23.0 1.0 1
1381 1.0 23.0 1.0 1
1382 2.0 23.0 1.0 1
1383 3.0 23.0 1.0 1
1384 4.0 23.0 1.0 1
1385 5.0 23.0 1.0 1
1386 6.0 23.0 1.0 1
1387 7.0 23.0 1.0 1
1388 8.0 23.0 1.0 1
1389 9.0 23.0 1.0 1
1390 10.0 23.0 1.0 1
1391 11.0 23.0 1.0 1
1392 12.0 23.0 1.0 1
1393 13.0 23.0 1.0 1
1394 14.0 23.0 1.0 1
1395 15.0 23.0 1.0 1
1396 16.0 23.0 1.0 1
1397 17.0 23.0 1.0 1
1398 18.0 23.0 1.0 1
1399 19.0 23.0 1.0 1
1400 20.0 23.0 1.0 1
1401 21.0 23.0 1.0 0
1402 22.0 23.0 1.0 1
1403 23.0 23.0 1.0 1
1404 24.0 23.0 1.0 1
1405 25.0 23.0 1.0 1
1406 26.0 23.0 1.0 1
1407 27.0 23.0 1.0 1
1408 28.0 23.0 1.0 1
1409 29.0 23.0 1.0 1
1410 30.0 23.0 1.0 1
1411 31.0 23.0 1.0 1
1412 32.0 23.0 1.0 1
1413 33.0 23.0 1.0 1
1414 34.0 23.0 1.0 1
1415 35.0 23.0 1.0 1
1416 36.0 23.0 1.0 1
1417 37.0 23.0 1.0 1
1418 38.0 23.0 1.0 1
1419 39.0 23.0 1.0 1
1420 40.0 23.0 1.0 1
1421 41.0 23.0 1.0 1
1422 42.0 23.0 1.0 1
1423 43.0 23.0 1.0 1
1424 44.0 23.0 1.0 0
1425 45.0 23.0 1.0 1
1426 46.0 23.0 1.0 1
1427 47.0 23.0 1.0 1
1428 48.0 23.0 1.0 1
1429 49.0 23.0 1.0 1
1430 50.0 23.0 1.0 1
1431 51.0 23.0 1.0 1
1432 52.0 23.0 1.0 1
1433 53.0 23.0 1.0 1
1434 54.0 23.0 1.0 1
1435 55.0 23.0 1.0 1
1436 56.0 23.0 1.0 1
1437 57.0 23.0 1.0 1
1438 58.0 23.0 1.0 1
1439 59.0 23.0 1.0 1
1440 0.0 24.0 1.0 1
1441 1.0 24.0 1.0 1
1442 2.0 24.0 1.0 1
1443 3.0 24.0 1.0 1
1444 4.0 24.0 1.0 0
1445 5.0 24.0 1.0 1
1446 6.0 24.0 1.0 1
1447 7.0 24.0 1.0 0
1448 8.0 24.0 1.0 1
1449 9.0 24.0 1.0 1
1450 10.0 24.0 1.0 1
1451 11.0 24.0 1.0 1
1452 12.0 24.0 1.0 1
1453 13.0 24.0 1.0 1
1454 14.0 24.0 1.0 1
1455 15.0 24.0 1.0 1
1456 16.0 24.0 1.0 1
1457 17.0 24.0 1.0 1
1458 18.0 24.0 1.0 1
1459 19.0 24.0 1.0 1
1460 20.0 24.0 1.0 1
1461 21.0 24.0 1.0 1
1462 22.0 24.0 1.0 1
1463 23.0 24.0 1.0 1
1464 24.0 24.0 1.0 1
1465 25.0 24.0 1.0 1
1466 26.0 24.0 1.0 1
1467 27.0 24.0 1.0 1
1468 28.0 24.0 1.0 1
1469 29.0 24.0 1.0 1
1470 30.0 24.0 1.0 1
1471 31.0 24.0 1.0 1
1472 32.0 24.0 1.0 1
1473 33.0 24.0 1.0 1
1474 34.0 24.0 1.0 1
1475 35.0 24.0 1.0 0
1476 36.0 24.0 1.0 1
1477 37.0 24.0 1.0 1
1478 38.0 24.0 1.0 0
1479 39.0 24.0 1.0 1
1480 40.0 24.0 1.0 1
1481 41.0 24.0 1.0 1
1482 42.0 24.0 1.0 1
1483 43.0 24.0 1.0 1
1484 44.0 24.0 1.0 1
1485 45.0 24.0 1.0 1
1486 46.0 24.0 1.0 1
1487 47.0 24.0 1.0 1
1488 48.0 24.0 1.0 1
1489 49.0 24.0 1.0 1
1490 50.0 24.0 1.0 1
1491 51.0 24.0 1.0 1
1492 52.0 24.0 1.0 1
1493 53.0 24.0 1.0 1
1494 54.0 24.0 1.0 1
1495 55.0 24.0 1.0 1
1496 56.0 24.0 1.0 1
1497 57.0 24.0 1.0 1
1498 58.0 24.0 1.0 1
1499 59.0 24.0 1.0 0
1500 0.0 25.0 1.0 1
1501 1.0 25.0 1.0 1
1502 2.0 25.0 1.0 1
1503 3.0 25.0 1.0 1
1504 4.0 25.0 1.0 1
1505 5.0 25.0 1.0 1
1506 6.0 25.0 1.0 1
1507 7.0 25.0 1.0 1
1508 8.0 25.0 1.0 1
1509 9.0 25.0 1.0 1
1510 10.0 25.0 1.0 1
1511 11.0 25.0 1.0 1
1512 12.0 25.0 1.0 1
1513 13.0 25.0 1.0 1
1514 14.0 25.0 1.0 1
1515 15.0 25.0 1.0 1
1516 16.0 25.0 1.0 1
1517 17.0 25.0 1.0 1
1518 18.0 25.0 1.0 1
1519 19.0 25.0 1.0 1
1520 20.0 25.0 1.0 1
1521 21.0 25.0 1.0 1
1522 22.0 25.0 1.0 1
1523 23.0 25.0 1.0 1
1524 24.0 25.0 1.0 1
1525 25.0 25.0 1.0 1
1526 26.0 25.0 1.0 1
1527 27.0 25.0 1.0 1
1528 28.0 25.0 1.0 1
1529 29.0 25.0 1.0 1
1530 30.0 25.0 1.0 1
1531 31.0 25.0 1.0 1
1532 32.0 25.0 1.0 1
1533 33.0 25.0 1.0 1
1534 34.0 25.0 1.0 1
1535 35.0 25.0 1.0 1
1536 36.0 25.0 1.0 1
1537 37.0 25.0 1.0 1
1538 38.0 25.0 1.0 1
1539 39.0 25.0 1.0 1
1540 40.0 25.0 1.0 1
1541 41.0 25.0 1.0 1
1542 42.0 25.0 1.0 1
1543 43.0 25.0 1.0 1
1544 44.0 25.0 1.0 1
1545 45.0 25.0 1.0 1
1546 46.0 25.0 1.0 1
1547 47.0 25.0 1.0 1
1548 48.0 25.0 1.0 1
1549 49.0 25.0 1.0 1
1550 50.0 25.0 1.0 1
1551 51.0 25.0 1.0 1
1552 52.0 25.0 1.0 1
1553 53.0 25.0 1.0 1
1554 54.0 25.0 1.0 1
1555 55.0 25.0 1.0 1
1556 56.0 25.0 1.0 1
1557 57.0 25.0 1.0 1
1558 58.0 25.0 1.0 1
1559 59.0 25.0 1.0 0
1560 0.0 26.0 1.0 1
1561 1.0 26.0 1.0 1
1562 2.0 26.0 1.0 1
1563 3.0 26.0 1.0 1
1564 4.0 26.0 1.0 1
1565 5.0 26.0 1.0 1
1566 6.0 26.0 1.0 1
1567 7.0 26.0 1.0 1
1568 8.0 26.0 1.0 1
1569 9.0 26.0 1.0 1
1570 10.0 26.0 1.0 1
1571 11.0 26.0 1.0 0
1572 12.0 26.0 1.0 1
1573 13.0 26.0 1.0 1
1574 14.0 26.0 1.0 1
1575 15.0 26.0 1.0 1
1576 16.0 26.0 1.0 1
1577 17.0 26.0 1.0 1
1578 18.0 26.0 1.0 1
1579 19.0 26.0 1.0 1
1580 20.0 26.0 1.0 1
1581 21.0 26.0 1.0 1
1582 22.0 26.0 1.0 1
1583 23.0 26.0 1.0 1
1584 24.0 26.0 1.0 1
1585 25.0 26.0 1.0 1
1586 26.0 26.0 1.0 1
1587 27.0 26.0 1.0 1
1588 28.0 26.0 1.0 0
1589 29.0 26.0 1.0 1
1590 30.0 26.0 1.0 1
1591 31.0 26.0 1.0 1
1592 32.0 26.0 1.0 1
1593 33.0 26.0 1.0 1
1594 34.0 26.0 1.0 1
1595 35.0 26.0 1.0 1
1596 36.0 26.0 1.0 1
1597 37.0 26.0 1.0 1
1598 38.0 26.0 1.0 1
1599 39.0 26.0 1.0 1
1600 40.0 26.0 1.0 1
1601 41.0 26.0 1.0 1
1602 42.0 26.0 1.0 1
1603 43.0 26.0 1.0 1
1604 44.0 26.0 1.0 1
1605 45.0 26.0 1.0 1
1606 46.0 26.0 1.0 1
1607 47.0 26.0 1.0 1
1608 48.0 26.0 1.0 1
1609 49.0 26.0 1.0 1
1610 50.0 26.0 1.0 1
1611 51.0 26.0 1.0 1
1612 52.0 26.0 1.0 1
1613 53.0 26.0 1.0 1
1614 54.0 26.0 1.0 1
1615 55.0 26.0 1.0 1
1616 56.0 26.0 1.0 1
1617 57.0 26.0 1.0 1
1618 58.0 26.0 1.0 1
1619 59.0 26.0 1.0 1
1620 0.0 27.0 1.0 0
1621 1.0 27.0 1.0 1
1622 2.0 27.0 1.0 1
1623 3.0 27.0 1.0 1
1624 4.0 27.0 1.0 1
1625 5.0 27.0 1.0 1
1626 6.0 27.0 1.0 1
1627 7.0 27.0 1.0 1
1628 8.0 27.0 1.0 1
1629 9.0 27.0 1.0 0
1630 10.0 27.0 1.0 0
1631 11.0 27.0 1.0 1
1632 12.0 27.0 1.0 1
1633 13.0 27.0 1.0 1
1634 14.0 27.0 1.0 1
1635 15.0 27.0 1.0 1
1636 16.0 27.0 1.0 1
1637 17.0 27.0 1.0 1
1638 18.0 27.0 1.0 1
1639 19.0 27.0 1.0 1
1640 20.0 27.0 1.0 1
1641 21.0 27.0 1.0 1
1642 22.0 27.0 1.0 1
1643 23.0 27.0 1.0 1
1644 24.0 27.0 1.0 1
1645 25.0 27.0 1.0 1
1646 26.0 27.0 1.0 1
1647 27.0 27.0 1.0 1
1648 28.0 27.0 1.0 0
1649 29.0 27.0 1.0 1
1650 30.0 27.0 1.0 1
1651 31.0 27.0 1.0 1
1652 32.0 27.0 1.0 1
1653 33.0 27.0 1.0 1
1654 34.0 27.0 1.0 1
1655 35.0 27.0 1.0 1
1656 36.0 27.0 1.0 1
1657 37.0 27.0 1.0 1
1658 38.0 27.0 1.0 1
1659 39.0 27.0 1.0 1
1660 40.0 27.0 1.0 1
1661 41.0 27.0 1.0 1
1662 42.0 27.0 1.0 1
1663 43.0 27.0 1.0 1
1664 44.0 27.0 1.0 1
1665 45.0 27.0 1.0 1
1666 46.0 27.0 1.0 1
1667 47.0 27.0 1.0 1
1668 48.0 27.0 1.0 1
1669 49.0 27.0 1.0 1
1670 50.0 27.0 1.0 1
1671 51.0 27.0 1.0 1
1672 52.0 27.0 1.0 1
1673 53.0 27.0 1.0 1
1674 54.0 27.0 1.0 1
1675 55.0 27.0 1.0 1
1676 56.0 27.0 1.0 1
1677 57.0 27.0 1.0 1
1678 58.0 27.0 1.0 1
1679 59.0 27.0 1.0 1
1680 0.0 28.0 1.0 1
1681 1.0 28.0 1.0 1
1682 2.0 28.0 1.0 1
1683 3.0 28.0 1.0 1
1684 4.0 28.0 1.0 0
1685 5.0 28.0 1.0 1
1686 6.0 28.0 1.0 1
1687 7.0 28.0 1.0 1
1688 8.0 28.0 1.0 1
1689 9.0 28.0 1.0 1
1690 10.0 28.0 1.0 1
1691 11.0 28.0 1.0 1
1692 12.0 28.0 1.0 1
1693 13.0 28.0 1.0 1
1694 14.0 28.0 1.0 1
1695 15.0 28.0 1.0 1
1696 16.0 28.0 1.0 1
1697 17.0 28.0 1.0 1
1698 18.0 28.0 1.0 1
1699 19.0 28.0 1.0 1
1700 20.0 28.0 1.0 1
1701 21.0 28.0 1.0 1
1702 22.0 28.0 1.0 1
1703 23.0 28.0 1.0 1
1704 24.0 28.0 1.0 1
1705 25.0 28.0 1.0 1
1706 26.0 28.0 1.0 1
1707 27.0 28.0 1.0 0
1708 28.0 28.0 1.0 0
1709 29.0 28.0 1.0 1
1710 30.0 28.0 1.0 1
1711 31.0 28.0 1.0 1
1712 32.0 28.0 1.0 1
1713 33.0 28.0 1.0 1
1714 34.0 28.0 1.0 1
1715 35.0 28.0 1.0 1
1716 36.0 28.0 1.0 1
1717 37.0 28.0 1.0 1
1718 38.0 28.0 1.0 1
1719 39.0 28.0 1.0 1
1720 40.0 28.0 1.0 1
1721 41.0 28.0 1.0 1
1722 42.0 28.0 1.0 1
1723 43.0 28.0 1.0 1
1724 44.0 28.0 1.0 1
1725 45.0 28.0 1.0 1
1726 46.0 28.0 1.0 1
1727 47.0 28.0 1.0 1
1728 48.0 28.0 1.0 1
1729 49.0 28.0 1.0 1
1730 50.0 28.0 1.0 1
1731 51.0 28.0 1.0 1
1732 52.0 28.0 1.0 1
1733 53.0 28.0 1.0 1
1734 54.0 28.0 1.0 1
1735 55.0 28.0 1.0 1
1736 56.0 28.0 1.0 1
1737 57.0 28.0 1.0 1
1738 58.0 28.0 1.0 1
1739 59.0 28.0 1.0 1
1740 0.0 29.0 1.0 1
1741 1.0 29.0 1.0 1
1742 2.0 29.0 1.0 1
1743 3.0 29.0 1.0 0
1744 4.0 29.0 1.0 0
1745 5.0 29.0 1.0 1
1746 6.0 29.0 1.0 1
1747 7.0 29.0 1.0 1
1748 8.0 29.0 1.0 1
1749 9.0 29.0 1.0 1
1750 10.0 29.0 1.0 1
1751 11.0 29.0 1.0 1
1752 12.0 29.0 1.0 1
1753 13.0 29.0 1.0 1
1754 14.0 29.0 1.0 1
1755 15.0 29.0 1.0 1
1756 16.0 29.0 1.0 1
1757 17.0 29.0 1.0 1
1758 18.0 29.0 1.0 1
1759 19.0 29.0 1.0 1
1760 20.0 29.0 1.0 0
1761 21.0 29.0 1.0 1
1762 22.0 29.0 1.0 1
1763 23.0 29.0 1.0 1
1764 24.0 29.0 1.0 1
1765 25.0 29.0 1.0 1
1766 26.0 29.0 1.0 1
1767 27.0 29.0 1.0 1
1768 28.0 29.0 1.0 1
1769 29.0 29.0 1.0 0
1770 30.0 29.0 1.0 1
1771 31.0 29.0 1.0 1
1772 32.0 29.0 1.0 1
1773 33.0 29.0 1.0 1
1774 34.0 29.0 1.0 0
1775 35.0 29.0 1.0 1
1776 36.0 29.0 1.0 1
1777 37.0 29.0 1.0 1
1778 38.0 29.0 1.0 1
1779 39.0 29.0 1.0 1
1780 40.0 29.0 1.0 1
1781 41.0 29.0 1.0 1
1782 42.0 29.0 1.0 1
1783 43.0 29.0 1.0 1
1784 44.0 29.0 1.0 1
1785 45.0 29.0 1.0 1
1786 46.0 29.0 1.0 1
1787 47.0 29.0 1.0 1
1788 48.0 29.0 1.0 1
1789 49.0 29.0 1.0 1
1790 50.0 29.0 1.0 1
1791 51.0 29.0 1.0 1
1792 52.0 29.0 1.0 1
1793 53.0 29.0 1.0 1
1794 54.0 29.0 1.0 1
1795 55.0 29.0 1.0 1
1796 56.0 29.0 1.0 1
1797 57.0 29.0 1.0 1
1798 58.0 29.0 1.0 1
1799 59.0 29.0 1.0 1
1800 0.0 30.0 1.0 1
1801 1.0 30.0 1.0 1
1802 2.0 30.0 1.0 1
1803 3.0 30.0 1.0 1
1804 4.0 30.0 1.0 0
1805 5.0 30.0 1.0 1
1806 6.0 30.0 1.0 1
1807 7.0 30.0 1.0 1
1808 8.0 30.0 1.0 1
1809 9.0 30.0 1.0 1
1810 10.0 30.0 1.0 1
1811 11.0 30.0 1.0 1
1812 12.0 30.0 1.0 1
1813 13.0 30.0 1.0 1
1814 14.0 30.0 1.0 1
1815 15.0 30.0 1.0 1
1816 16.0 30.0 1.0 1
1817 17.0 30.0 1.0 1
1818 18.0 30.0 1.0 1
1819 19.0 30.0 1.0 1
1820 20.0 30.0 1.0 1
1821 21.0 30.0 1.0 1
1822 22.0 30.0 1.0 1
1823 23.0 30.0 1.0 1
1824 24.0 30.0 1.0 1
1825 25.0 30.0 1.0 1
1826 26.0 30.0 1.0 1
1827 27.0 30.0 1.0 1
1828 28.0 30.0 1.0 1
1829 29.0 30.0 1.0 1
1830 30.0 30.0 1.0 1
1831 31.0 30.0 1.0 1
1832 32.0 30.0 1.0 1
1833 33.0 30.0 1.0 1
1834 34.0 30.0 1.0 0
1835 35.0 30.0 1.0 1
1836 36.0 30.0 1.0 1
1837 37.0 30.0 1.0 1
1838 38.0 30.0 1.0 1
1839 39.0 30.0 1.0 1
1840 40.0 30.0 1.0 1
1841 41.0 30.0 1.0 1
1842 42.0 30.0 1.0 1
1843 43.0 30.0 1.0 1
1844 44.0 30.0 1.0 1
1845 45.0 30.0 1.0 1
1846 46.0 30.0 1.0 1
1847 47.0 30.0 1.0 1
1848 48.0 30.0 1.0 1
1849 49.0 30.0 1.0 1
1850 50.0 30.0 1.0 1
1851 51.0 30.0 1.0 1
1852 52.0 30.0 1.0 1
1853 53.0 30.0 1.0 1
1854 54.0 30.0 1.0 1
1855 55.0 30.0 1.0 1
1856 56.0 30.0 1.0 1
1857 57.0 30.0 1.0 1
1858 58.0 30.0 1.0 1
1859 59.0 30.0 1.0 1
1860 0.0 31.0 1.0 1
1861 1.0 31.0 1.0 1
1862 2.0 31.0 1.0 1
1863 3.0 31.0 1.0 1
1864 4.0 31.0 1.0 1
1865 5.0 31.0 1.0 1
1866 6.0 31.0 1.0 1
1867 7.0 31.0 1.0 1
1868 8.0 31.0 1.0 1
1869 9.0 31.0 1.0 1
1870 10.0 31.0 1.0 1
1871 11.0 31.0 1.0 1
1872 12.0 31.0 1.0 1
1873 13.0 31.0 1.0 1
1874 14.0 31.0 1.0 1
1875 15.0 31.0 1.0 1
1876 16.0 31.0 1.0 1
1877 17.0 31.0 1.0 1
1878 18.0 31.0 1.0 1
1879 19.0 31.0 1.0 1
1880 20.0 31.0 1.0 1
1881 21.0 31.0 1.0 1
1882 22.0 31.0 1.0 1
1883 23.0 31.0 1.0 1
1884 24.0 31.0 1.0 1
1885 25.0 31.0 1.0 1
1886 26.0 31.0 1.0 1
1887 27.0 31.0 1.0 1
1888 28.0 31.0 1.0 1
1889 29.0 31.0 1.0 1
1890 30.0 31.0 1.0 1
1891 31.0 31.0 1.0 1
1892 32.0 31.0 1.0 1
1893 33.0 31.0 1.0 1
1894 34.0 31.0 1.0 1
1895 35.0 31.0 1.0 1
1896 36.0 31.0 1.0 1
1897 37.0 31.0 1.0 1
1898 38.0 31.0 1.0 1
1899 39.0 31.0 1.0 1
1900 40.0 31.0 1.0 1
1901 41.0 31.0 1.0 1
1902 42.0 31.0 1.0 1
1903 43.0 31.0 1.0 1
1904 44.0 31.0 1.0 1
1905 45.0 31.0 1.0 1
1906 46.0 31.0 1.0 1
1907 47.0 31.0 1.0 1
1908 48.0 31.0 1.0 1
1909 49.0 31.0 1.0 1
1910 50.0 31.0 1.0 1
1911 51.0 31.0 1.0 1
1912 52.0 31.0 1.0 1
1913 53.0 31.0 1.0 1
1914 54.0 31.0 1.0 1
1915 55.0 31.0 1.0 1
1916 56.0 31.0 1.0 1
1917 57.0 31.0 1.0 1
1918 58.0 31.0 1.0 1
1919 59.0 31.0 1.0 1
1920 0.0 32.0 1.0 1
1921 1.0 32.0 1.0 1
1922 2.0 32.0 1.0 1
1923 3.0 32.0 1.0 1
1924 4.0 32.0 1.0 1
1925 5.0 32.0 1.0 1
1926 6.0 32.0 1.0 1
1927 7.0 32.0 1.0 1
1928 8.0 32.0 1.0 1
1929 9.0 32.0 1.0 1
1930 10.0 32.0 1.0 1
1931 11.0 32.0 1.0 1
1932 12.0 32.0 1.0 1
1933 13.0 32.0 1.0 1
1934 14.0 32.0 1.0 1
1935 15.0 32.0 1.0 1
1936 16.0 32.0 1.0 1
1937 17.0 32.0 1.0 1
1938 18.0 32.0 1.0 1
1939 19.0 32.0 1.0 1
1940 20.0 32.0 1.0 1
1941 21.0 32.0 1.0 1
1942 22.0 32.0 1.0 1
1943 23.0 32.0 1.0 1
1944 24.0 32.0 1.0 1
1945 25.0 32.0 1.0 1
1946 26.0 32.0 1.0 1
1947 27.0 32.0 1.0 1
1948 28.0 32.0 1.0 1
1949 29.0 32.0 1.0 1
1950 30.0 32.0 1.0 1
1951 31.0 32.0 1.0 1
1952 32.0 32.0 1.0 1
1953 33.0 32.0 1.0 1
1954 34.0 32.0 1.0 1
1955 35.0 32.0 1.0 1
1956 36.0 32.0 1.0 1
1957 37.0 32.0 1.0 1
1958 38.0 32.0 1.0 1
1959 39.0 32.0 1.0 1
1960 40.0 32.0 1.0 1
1961 41.0 32.0 1.0 1
1962 42.0 32.0 1.0 1
1963 43.0 32.0 1.0 1
1964 44.0 32.0 1.0 1
1965 45.0 32.0 1.0 1
1966 46.0 32.0 1.0 1
1967 47.0 32.0 1.0 1
1968 48.0 32.0 1.0 1
1969 49.0 32.0 1.0 1
1970 50.0 32.0 1.0 1
1971 51.0 32.0 1.0 1
1972 52.0 32.0 1.0 1
1973 53.0 32.0 1.0 1
1974 54.0 32.0 1.0 1
1975 55.0 32.0 1.0 1
1976 56.0 32.0 1.0 1
1977 57.0 32.0 1.0 1
1978 58.0 32.0 1.0 1
1979 59.0 32.0 1.0 0
1980 0.0 33.0 1.0 0
1981 1.0 33.0 1.0 0
1982 2.0 33.0 1.0 1
1983 3.0 33.0 1.0 1
1984 4.0 33.0 1.0 1
1985 5.0 33.0 1.0 1
1986 6.0 33.0 1.0 1
1987 7.0 33.0 1.0 1
1988 8.0 33.0 1.0 1
1989 9.0 33.0 1.0 1
1990 10.0 33.0 1.0 1
1991 11.0 33.0 1.0 1
1992 12.0 33.0 1.0 1
1993 13.0 33.0 1.0 1
1994 14.0 33.0 1.0 1
1995 15.0 33.0 1.0 1
1996 16.0 33.0 1.0 1
1997 17.0 33.0 1.0 1
1998 18.0 33.0 1.0 1
1999 19.0 33.0 1.0 1
2000 20.0 33.0 1.0 1
2001 21.0 33.0 1.0 1
2002 22.0 33.0 1.0 1
2003 23.0 33.0 1.0 1
2004 24.0 33.0 1.0 1
2005 25.0 33.0 1.0 1
2006 26.0 33.0 1.0 1
2007 27.0 33.0 1.0 1
2008 28.0 33.0 1.0 1
2009 29.0 33.0 1.0 1
2010 30.0 33.0 1.0 1
2011 31.0 33.0 1.0 1
2012 32.0 33.0 1.0 1
2013 33.0 33.0 1.0 1
2014 34.0 33.0 1.0 1
2015 35.0 33.0 1.0 1
2016 36.0 33.0 1.0 1
2017 37.0 33.0 1.0 1
2018 38.0 33.0 1.0 1
2019 39.0 33.0 1.0 1
2020 40.0 33.0 1.0 1
2021 41.0 33.0 1.0 1
2022 42.0 33.0 1.0 1
2023 43.0 33.0 1.0 1
2024 44.0 33.0 1.0 1
2025 45.0 33.0 1.0 1
2026 46.0 33.0 1.0 1
2027 47.0 33.0 1.0 1
2028 48.0 33.0 1.0 1
2029 49.0 33.0 1.0 1
2030 50.0 33.0 1.0 1
2031 51.0 33.0 1.0 1
2032 52.0 33.0 1.0 1
2033 53.0 33.0 1.0 1
2034 54.0 33.0 1.0 1
2035 55.0 33.0 1.0 1
2036 56.0 33.0 1.0 1
2037 57.0 33.0 1.0 1
2038 58.0 33.0 1.0 1
2039 59.0 33.0 1.0 1
2040 0.0 34.0 1.0 1
2041 1.0 34.0 1.0 1
2042 2.0 34.0 1.0 1
2043 3.0 34.0 1.0 1
2044 4.0 34.0 1.0 1
2045 5.0 34.0 1.0 1
2046 6.0 34.0 1.0 1
2047 7.0 34.0 1.0 1
2048 8.0 34.0 1.0 1
2049 9.0 34.0 1.0 1
2050 10.0 34.0 1.0 1
2051 11.0 34.0 1.0 1
2052 12.0 34.0 1.0 1
2053 13.0 34.0 1.0 1
2054 14.0 34.0 1.0 1
2055 15.0 34.0 1.0 1
2056 16.0 34.0 1.0 1
2057 17.0 34.0 1.0 1
2058 18.0 34.0 1.0 1
2059 19.0 34.0 1.0 1
2060 20.0 34.0 1.0 1
2061 21.0 34.0 1.0 1
2062 22.0 34.0 1.0 1
2063 23.0 34.0 1.0 1
2064 24.0 34.0 1.0 1
2065 25.0 34.0 1.0 1
2066 26.0 34.0 1.0 1
2067 27.0 34.0 1.0 1
2068 28.0 34.0 1.0 1
2069 29.0 34.0 1.0 1
2070 30.0 34.0 1.0 1
2071 31.0 34.0 1.0 1
2072 32.0 34.0 1.0 1
2073 33.0 34.0 1.0 1
2074 34.0 34.0 1.0 1
2075 35.0 34.0 1.0 1
2076 36.0 34.0 1.0 1
2077 37.0 34.0 1.0 1
2078 38.0 34.0 1.0 1
2079 39.0 34.0 1.0 1
2080 40.0 34.0 1.0 1
2081 41.0 34.0 1.0 0
2082 42.0 34.0 1.0 0
2083 43.0 34.0 1.0 1
2084 44.0 34.0 1.0 1
2085 45.0 34.0 1.0 1
2086 46.0 34.0 1.0 1
2087 47.0 34.0 1.0 1
2088 48.0 34.0 1.0 0
2089 49.0 34.0 1.0 1
2090 50.0 34.0 1.0 1
2091 51.0 34.0 1.0 1
2092 52.0 34.0 1.0 0
2093 53.0 34.0 1.0 1
2094 54.0 34.0 1.0 1
2095 55.0 34.0 1.0 1
2096 56.0 34.0 1.0 1
2097 57.0 34.0 1.0 1
2098 58.0 34.0 1.0 1
2099 59.0 34.0 1.0 1
2100 0.0 35.0 1.0 1
2101 1.0 35.0 1.0 1
2102 2.0 35.0 1.0 1
2103 3.0 35.0 1.0 1
2104 4.0 35.0 1.0 1
2105 5.0 35.0 1.0 1
2106 6.0 35.0 1.0 1
2107 7.0 35.0 1.0 1
2108 8.0 35.0 1.0 1
2109 9.0 35.0 1.0 1
2110 10.0 35.0 1.0 1
2111 11.0 35.0 1.0 1
2112 12.0 35.0 1.0 1
2113 13.0 35.0 1.0 1
2114 14.0 35.0 1.0 1
2115 15.0 35.0 1.0 1
2116 16.0 35.0 1.0 1
2117 17.0 35.0 1.0 1
2118 18.0 35.0 1.0 1
2119 19.0 35.0 1.0 1
2120 20.0 35.0 1.0 1
2121 21.0 35.0 1.0 1
2122 22.0 35.0 1.0 1
2123 23.0 35.0 1.0 1
2124 24.0 35.0 1.0 1
2125 25.0 35.0 1.0 1
2126 26.0 35.0 1.0 1
2127 27.0 35.0 1.0 1
2128 28.0 35.0 1.0 1
2129 29.0 35.0 1.0 1
2130 30.0 35.0 1.0 1
2131 31.0 35.0 1.0 1
2132 32.0 35.0 1.0 1
2133 33.0 35.0 1.0 1
2134 34.0 35.0 1.0 1
2135 35.0 35.0 1.0 1
2136 36.0 35.0 1.0 1
2137 37.0 35.0 1.0 1
2138 38.0 35.0 1.0 1
2139 39.0 35.0 1.0 1
2140 40.0 35.0 1.0 1
2141 41.0 35.0 1.0 1
2142 42.0 35.0 1.0 1
2143 43.0 35.0 1.0 1
2144 44.0 35.0 1.0 1
2145 45.0 35.0 1.0 1
2146 46.0 35.0 1.0 1
2147 47.0 35.0 1.0 1
2148 48.0 35.0 1.0 1
2149 49.0 35.0 1.0 1
2150 50.0 35.0 1.0 1
2151 51.0 35.0 1.0 1
2152 52.0 35.0 1.0 1
2153 53.0 35.0 1.0 0
2154 54.0 35.0 1.0 1
2155 55.0 35.0 1.0 1
2156 56.0 35.0 1.0 1
2157 57.0 35.0 1.0 0
2158 58.0 35.0 1.0 0
2159 59.0 35.0 1.0 0
2160 0.0 36.0 1.0 1
2161 1.0 36.0 1.0 1
2162 2.0 36.0 1.0 1
2163 3.0 36.0 1.0 1
2164 4.0 36.0 1.0 1
2165 5.0 36.0 1.0 1
2166 6.0 36.0 1.0 1
2167 7.0 36.0 1.0 1
2168 8.0 36.0 1.0 1
2169 9.0 36.0 1.0 1
2170 10.0 36.0 1.0 1
2171 11.0 36.0 1.0 1
2172 12.0 36.0 1.0 1
2173 13.0 36.0 1.0 1
2174 14.0 36.0 1.0 1
2175 15.0 36.0 1.0 1
2176 16.0 36.0 1.0 1
2177 17.0 36.0 1.0 1
2178 18.0 36.0 1.0 1
2179 19.0 36.0 1.0 1
2180 20.0 36.0 1.0 1
2181 21.0 36.0 1.0 1
2182 22.0 36.0 1.0 1
2183 23.0 36.0 1.0 1
2184 24.0 36.0 1.0 1
2185 25.0 36.0 1.0 1
2186 26.0 36.0 1.0 1
2187 27.0 36.0 1.0 1
2188 28.0 36.0 1.0 1
2189 29.0 36.0 1.0 1
2190 30.0 36.0 1.0 1
2191 31.0 36.0 1.0 1
2192 32.0 36.0 1.0 1
2193 33.0 36.0 1.0 1
2194 34.0 36.0 1.0 1
2195 35.0 36.0 1.0 1
2196 36.0 36.0 1.0 1
2197 37.0 36.0 1.0 1
2198 38.0 36.0 1.0 1
2199 39.0 36.0 1.0 1
2200 40.0 36.0 1.0 1
2201 41.0 36.0 1.0 1
2202 42.0 36.0 1.0 1
2203 43.0 36.0 1.0 1
2204 44.0 36.0 1.0 1
2205 45.0 36.0 1.0 1
2206 46.0 36.0 1.0 1
2207 47.0 36.0 1.0 1
2208 48.0 36.0 1.0 1
2209 49.0 36.0 1.0 1
2210 50.0 36.0 1.0 1
2211 51.0 36.0 1.0 1
2212 52.0 36.0 1.0 1
2213 53.0 36.0 1.0 0
2214 54.0 36.0 1.0 1
2215 55.0 36.0 1.0 1
2216 56.0 36.0 1.0 1
2217 57.0 36.0 1.0 1
2218 58.0 36.0 1.0 1
2219 59.0 36.0 1.0 0
2220 0.0 37.0 1.0 1
2221 1.0 37.0 1.0 1
2222 2.0 37.0 1.0 1
2223 3.0 37.0 1.0 1
2224 4.0 37.0 1.0 1
2225 5.0 37.0 1.0 1
2226 6.0 37.0 1.0 1
2227 7.0 37.0 1.0 1
2228 8.0 37.0 1.0 1
2229 9.0 37.0 1.0 1
2230 10.0 37.0 1.0 1
2231 11.0 37.0 1.0 1
2232 12.0 37.0 1.0 1
2233 13.0 37.0 1.0 0
2234 14.0 37.0 1.0 1
2235 15.0 37.0 1.0 1
2236 16.0 37.0 1.0 1
2237 17.0 37.0 1.0 1
2238 18.0 37.0 1.0 1
2239 19.0 37.0 1.0 1
2240 20.0 37.0 1.0 1
2241 21.0 37.0 1.0 1
2242 22.0 37.0 1.0 1
2243 23.0 37.0 1.0 1
2244 24.0 37.0 1.0 1
2245 25.0 37.0 1.0 1
2246 26.0 37.0 1.0 1
2247 27.0 37.0 1.0 1
2248 28.0 37.0 1.0 1
2249 29.0 37.0 1.0 1
2250 30.0 37.0 1.0 1
2251 31.0 37.0 1.0 1
2252 32.0 37.0 1.0 1
2253 33.0 37.0 1.0 1
2254 34.0 37.0 1.0 1
2255 35.0 37.0 1.0 1
2256 36.0 37.0 1.0 1
2257 37.0 37.0 1.0 1
2258 38.0 37.0 1.0 1
2259 39.0 37.0 1.0 1
2260 40.0 37.0 1.0 1
2261 41.0 37.0 1.0 1
2262 42.0 37.0 1.0 1
2263 43.0 37.0 1.0 1
2264 44.0 37.0 1.0 1
2265 45.0 37.0 1.0 0
2266 46.0 37.0 1.0 1
2267 47.0 37.0 1.0 1
2268 48.0 37.0 1.0 1
2269 49.0 37.0 1.0 1
2270 50.0 37.0 1.0 1
2271 51.0 37.0 1.0 1
2272 52.0 37.0 1.0 1
2273 53.0 37.0 1.0 0
2274 54.0 37.0 1.0 1
2275 55.0 37.0 1.0 1
2276 56.0 37.0 1.0 1
2277 57.0 37.0 1.0 1
2278 58.0 37.0 1.0 1
2279 59.0 37.0 1.0 1
2280 0.0 38.0 1.0 1
2281 1.0 38.0 1.0 1
2282 2.0 38.0 1.0 1
2283 3.0 38.0 1.0 1
2284 4.0 38.0 1.0 1
2285 5.0 38.0 1.0 0
2286 6.0 38.0 1.0 0
2287 7.0 38.0 1.0 1
2288 8.0 38.0 1.0 1
2289 9.0 38.0 1.0 1
2290 10.0 38.0 1.0 0
2291 11.0 38.0 1.0 1
2292 12.0 38.0 1.0 1
2293 13.0 38.0 1.0 1
2294 14.0 38.0 1.0 1
2295 15.0 38.0 1.0 1
2296 16.0 38.0 1.0 1
2297 17.0 38.0 1.0 1
2298 18.0 38.0 1.0 1
2299 19.0 38.0 1.0 1
2300 20.0 38.0 1.0 1
2301 21.0 38.0 1.0 1
2302 22.0 38.0 1.0 1
2303 23.0 38.0 1.0 0
2304 24.0 38.0 1.0 1
2305 25.0 38.0 1.0 1
2306 26.0 38.0 1.0 1
2307 27.0 38.0 1.0 1
2308 28.0 38.0 1.0 1
2309 29.0 38.0 1.0 1
2310 30.0 38.0 1.0 1
2311 31.0 38.0 1.0 1
2312 32.0 38.0 1.0 1
2313 33.0 38.0 1.0 1
2314 34.0 38.0 1.0 1
2315 35.0 38.0 1.0 1
2316 36.0 38.0 1.0 1
2317 37.0 38.0 1.0 1
2318 38.0 38.0 1.0 1
2319 39.0 38.0 1.0 1
2320 40.0 38.0 1.0 1
2321 41.0 38.0 1.0 1
2322 42.0 38.0 1.0 1
2323 43.0 38.0 1.0 1
2324 44.0 38.0 1.0 1
2325 45.0 38.0 1.0 1
2326 46.0 38.0 1.0 1
2327 47.0 38.0 1.0 1
2328 48.0 38.0 1.0 1
2329 49.0 38.0 1.0 1
2330 50.0 38.0 1.0 1
2331 51.0 38.0 1.0 1
2332 52.0 38.0 1.0 1
2333 53.0 38.0 1.0 1
2334 54.0 38.0 1.0 1
2335 55.0 38.0 1.0 1
2336 56.0 38.0 1.0 1
2337 57.0 38.0 1.0 1
2338 58.0 38.0 1.0 1
2339 59.0 38.0 1.0 1
2340 0.0 39.0 1.0 0
2341 1.0 39.0 1.0 1
2342 2.0 39.0 1.0 1
2343 3.0 39.0 1.0 0
2344 4.0 39.0 1.0 0
2345 5.0 39.0 1.0 0
2346 6.0 39.0 1.0 0
2347 7.0 39.0 1.0 1
2348 8.0 39.0 1.0 1
2349 9.0 39.0 1.0 1
2350 10.0 39.0 1.0 0
2351 11.0 39.0 1.0 0
2352 12.0 39.0 1.0 1
2353 13.0 39.0 1.0 1
2354 14.0 39.0 1.0 1
2355 15.0 39.0 1.0 1
2356 16.0 39.0 1.0 1
2357 17.0 39.0 1.0 1
2358 18.0 39.0 1.0 1
2359 19.0 39.0 1.0 1
2360 20.0 39.0 1.0 1
2361 21.0 39.0 1.0 1
2362 22.0 39.0 1.0 0
2363 23.0 39.0 1.0 0
2364 24.0 39.0 1.0 1
2365 25.0 39.0 1.0 1
2366 26.0 39.0 1.0 0
2367 27.0 39.0 1.0 1
2368 28.0 39.0 1.0 1
2369 29.0 39.0 1.0 1
2370 30.0 39.0 1.0 1
2371 31.0 39.0 1.0 1
2372 32.0 39.0 1.0 1
2373 33.0 39.0 1.0 1
2374 34.0 39.0 1.0 1
2375 35.0 39.0 1.0 1
2376 36.0 39.0 1.0 1
2377 37.0 39.0 1.0 1
2378 38.0 39.0 1.0 1
2379 39.0 39.0 1.0 1
2380 40.0 39.0 1.0 1
2381 41.0 39.0 1.0 1
2382 42.0 39.0 1.0 1
2383 43.0 39.0 1.0 1
2384 44.0 39.0 1.0 1
2385 45.0 39.0 1.0 1
2386 46.0 39.0 1.0 1
2387 47.0 39.0 1.0 1
2388 48.0 39.0 1.0 1
2389 49.0 39.0 1.0 1
2390 50.0 39.0 1.0 1
2391 51.0 39.0 1.0 0
2392 52.0 39.0 1.0 1
2393 53.0 39.0 1.0 1
2394 54.0 39.0 1.0 1
2395 55.0 39.0 1.0 1
2396 56.0 39.0 1.0 1
2397 57.0 39.0 1.0 1
2398 58.0 39.0 1.0 1
2399 59.0 39.0 1.0 1
